================
iter=0
x[1]=1.0
x[2]=0.0
x[3]=1.0
x[4]=0.0
x[5]=-0.0
x[6]=1.0
x[7]=1.0
objective value=256.400000
================
iter=1
x[1]=1.0
x[2]=1.0
x[3]=0.0
x[4]=-0.0
x[5]=1.0
x[6]=1.0
x[7]=1.0
objective value=258.400000
================
iter=2
x[1]=1.0
x[2]=0.0
x[3]=0.0
x[4]=1.0
x[5]=1.0
x[6]=0.0
x[7]=1.0
objective value=257.400000
================
iter=3
