('solving time = ', '67.6632880836')
x[1]=1.0
x[2]=1.0
x[3]=1.0
x[4]=1.0
x[5]=1.0
x[6]=1.0
x[7]=1.0
x[8]=1.0
x[9]=1.0
x[10]=0.0
objective value=525.460000
