('solving time = ', '404.266055531')
x[1]=1.0
x[2]=1.0
x[3]=1.0
x[4]=1.0
objective value=85.551000
